20 21
19 21
19 22
19 23
19 24
19 25
18 25
17 25
16 25
15 25
15 26
15 27
16 27
17 27
18 27
19 27
19 28
19 29
19 30
19 31
19 32
19 33
18 33
17 33
16 33
15 33
15 34
15 35
14 35
13 35
12 35
11 35
11 36
11 37
10 37
9 37
8 37
7 37
7 38
7 39
6 39
5 39
5 38
5 37
4 37
3 37
3 38
3 39
2 39
1 39
1 38
1 37
1 36
1 35
1 34
1 33
2 33
3 33 
4 33 
5 33
5 32
5 31
5 30
5 29
6 29
7 29
7 30
7 31
7 32
7 33
7 34
7 35
8 35
9 35
9 34
9 33
10 33
11 33
11 32
11 31
11 30
11 29
10 29
9 29
9 28
9 27
10 27
11 27
12 27
13 27
13 26
13 25
12 25
11 25
10 25
9 25
8 25
7 25
6 25
5 25
5 26
5 27
4 27
3 27
3 28
3 29
3 30
3 31
2 31
1 31
1 30
1 29
1 28
1 27
1 26
1 25
2 25
3 25
3 24
3 23
2 23
1 23
1 22
1 21
0 21